1 val2017/000000233771.jpg 640 640
2 val2017/000000292082.jpg 640 640
3 val2017/000000360137.jpg 640 640
4 val2017/000000562243.jpg 640 640
5 val2017/000000154947.jpg 640 640
6 val2017/000000162092.jpg 640 640
7 val2017/000000533958.jpg 640 640
8 val2017/000000492878.jpg 640 640
9 val2017/000000080666.jpg 640 640
10 val2017/000000544565.jpg 640 640
11 val2017/000000198510.jpg 640 640
12 val2017/000000110884.jpg 640 640
13 val2017/000000403584.jpg 640 640
14 val2017/000000393282.jpg 640 640
15 val2017/000000426836.jpg 640 640
16 val2017/000000286908.jpg 640 640
